2.070602430784e-06 1.640644803369e-07 2.434628818893e-07 1.746139874911e-07 9.850941958854e-08 1.034289398986e-07 1.123964486025e-07
1.640644803369e-07 8.883254833861e-07 2.058229996321e-07 1.291192190217e-07 9.172025552602e-08 1.171287498357e-07 9.838054642207e-08
2.434628818893e-07 2.058229996321e-07 4.778491095210e-07 1.821567333333e-07 1.427350724748e-07 1.598375907593e-07 1.367699606198e-07
1.746139874911e-07 1.291192190217e-07 1.821567333333e-07 2.658509405029e-07 1.417655598599e-07 1.641525956057e-07 1.450504101447e-07
9.850941958854e-08 9.172025552602e-08 1.427350724748e-07 1.417655598599e-07 1.481419739854e-07 1.318273433406e-07 1.141190775737e-07
1.034289398986e-07 1.171287498357e-07 1.598375907593e-07 1.641525956057e-07 1.318273433406e-07 1.589637036350e-07 1.304962103093e-07
1.123964486025e-07 9.838054642207e-08 1.367699606198e-07 1.450504101447e-07 1.141190775737e-07 1.304962103093e-07 1.271467118698e-07
