8.174606205130e-07 -3.827104142743e-08 1.009952746805e-07 4.940788342672e-08 4.814283907713e-08 4.393710272877e-08 5.068438677558e-08
-3.827104142743e-08 3.634657492467e-07 6.821568931335e-08 5.478413559684e-08 3.404002153891e-08 4.616527952440e-08 4.250377371528e-08
1.009952746805e-07 6.821568931335e-08 1.695930788985e-07 6.577714078021e-08 4.858951603988e-08 5.266084893351e-08 5.047755140598e-08
4.940788342672e-08 5.478413559684e-08 6.577714078021e-08 1.049090099968e-07 4.744386413884e-08 5.637961680076e-08 4.747144779253e-08
4.814283907713e-08 3.404002153891e-08 4.858951603988e-08 4.744386413884e-08 5.785602261283e-08 4.496773968472e-08 3.942008980185e-08
4.393710272877e-08 4.616527952440e-08 5.266084893351e-08 5.637961680076e-08 4.496773968472e-08 5.357197850372e-08 4.396210139954e-08
5.068438677558e-08 4.250377371528e-08 5.047755140598e-08 4.747144779253e-08 3.942008980185e-08 4.396210139954e-08 4.255825560915e-08
