1.092041354056e-04 9.674507963908e-07 -4.240343491625e-07 -3.827719273777e-07 -1.060117539500e-06 1.512352772913e-06 -3.619922204041e-07
9.674507963908e-07 1.570171436149e-05 -7.534240940237e-07 -2.331470640669e-07 2.573638706701e-07 3.474616792211e-07 1.431886949538e-07
-4.240343491625e-07 -7.534240940237e-07 4.760757611967e-06 -2.027493613479e-07 -2.246880608546e-08 3.595523756631e-07 3.359870410486e-07
-3.827719273777e-07 -2.331470640669e-07 -2.027493613479e-07 1.824260114633e-06 1.353489373167e-07 1.705407947310e-07 1.440916084074e-07
-1.060117539500e-06 2.573638706701e-07 -2.246880608546e-08 1.353489373167e-07 9.511604557643e-07 1.979481644168e-07 2.387165750917e-07
1.512352772913e-06 3.474616792211e-07 3.595523756631e-07 1.705407947310e-07 1.979481644168e-07 4.619007554271e-07 2.282249826852e-07
-3.619922204041e-07 1.431886949538e-07 3.359870410486e-07 1.440916084074e-07 2.387165750917e-07 2.282249826852e-07 3.005903114519e-07
