7.214706321899e-08 3.689782425438e-09 3.441013785694e-09 2.842698711178e-09 1.950816934009e-09 2.518320939731e-09 2.763351242764e-09
3.689782425438e-09 2.505946164306e-08 1.043630235869e-09 1.133848673285e-09 9.522184907507e-10 1.982941960660e-09 2.219100242881e-09
3.441013785694e-09 1.043630235869e-09 1.325516843291e-08 2.575811051203e-09 2.630899288652e-09 2.859667327997e-09 2.407677297530e-09
2.842698711178e-09 1.133848673285e-09 2.575811051203e-09 1.054095363004e-08 1.329998010349e-09 2.454536511422e-09 2.067374197437e-09
1.950816934009e-09 9.522184907507e-10 2.630899288652e-09 1.329998010349e-09 3.381691233831e-09 1.943739024269e-09 1.766160344321e-09
2.518320939731e-09 1.982941960660e-09 2.859667327997e-09 2.454536511422e-09 1.943739024269e-09 2.884877358134e-09 2.203465200328e-09
2.763351242764e-09 2.219100242881e-09 2.407677297530e-09 2.067374197437e-09 1.766160344321e-09 2.203465200328e-09 2.176319424729e-09
