1.448740346942e-09 -1.215702102719e-10 -1.848127458118e-10 -3.937836224937e-10 -2.741103121302e-10 1.036787384410e-11 -3.040434089115e-11
-1.215702102719e-10 5.159872395586e-10 1.519018407996e-10 -2.287971954185e-10 -7.192959431651e-11 -1.870030335017e-11 -2.239740720447e-11
-1.848127458118e-10 1.519018407996e-10 3.441127326389e-09 -3.315566035606e-10 1.178400105772e-10 -6.212204024378e-11 -9.896158451271e-11
-3.937836224937e-10 -2.287971954185e-10 -3.315566035606e-10 3.828211533576e-08 -5.600492038267e-10 5.801804980451e-10 1.646607550400e-10
-2.741103121302e-10 -7.192959431651e-11 1.178400105772e-10 -5.600492038267e-10 1.752694345208e-09 4.590102651905e-11 4.178457117104e-10
1.036787384410e-11 -1.870030335017e-11 -6.212204024378e-11 5.801804980451e-10 4.590102651905e-11 2.636791485314e-10 1.408494644109e-10
-3.040434089115e-11 -2.239740720447e-11 -9.896158451271e-11 1.646607550400e-10 4.178457117104e-10 1.408494644109e-10 5.381662417562e-10
