2.782906788372e-06 3.800200199473e-07 2.851892952701e-07 2.770607786155e-07 1.172043892237e-07 1.787574202825e-07 1.704216703581e-07
3.800200199473e-07 9.337473373202e-07 2.345963836164e-07 1.921916023350e-07 1.879870852333e-07 1.899554376893e-07 2.006907900333e-07
2.851892952701e-07 2.345963836164e-07 5.393313196171e-07 2.587475363618e-07 2.152344801088e-07 2.248385711466e-07 2.170532757524e-07
2.770607786155e-07 1.921916023350e-07 2.587475363618e-07 3.625626321526e-07 2.068431292259e-07 2.294420654169e-07 2.168844123543e-07
1.172043892237e-07 1.879870852333e-07 2.152344801088e-07 2.068431292259e-07 2.313894232564e-07 1.964072607884e-07 1.812732612238e-07
1.787574202825e-07 1.899554376893e-07 2.248385711466e-07 2.294420654169e-07 1.964072607884e-07 2.255689635885e-07 1.983850760803e-07
1.704216703581e-07 2.006907900333e-07 2.170532757524e-07 2.168844123543e-07 1.812732612238e-07 1.983850760803e-07 1.949883299136e-07
