9.022383795003e-09 -2.948630730494e-10 -1.753314626427e-10 -5.369499791714e-10 -4.335654617749e-10 1.359634825767e-10 4.222313230495e-11
-2.948630730494e-10 3.231311333482e-09 4.673348520218e-10 -6.665475854616e-10 -4.936966332325e-11 4.494378132447e-11 3.391792276527e-11
-1.753314626427e-10 4.673348520218e-10 4.612417640951e-09 8.433929765415e-11 2.510154744347e-10 3.393878813796e-10 1.091620830245e-10
-5.369499791714e-10 -6.665475854616e-10 8.433929765415e-11 1.260956247637e-08 -3.072221354780e-10 3.314464230606e-10 1.606169331232e-10
-4.335654617749e-10 -4.936966332325e-11 2.510154744347e-10 -3.072221354780e-10 1.105741775168e-09 1.678150998849e-10 2.604311348059e-10
1.359634825767e-10 4.494378132447e-11 3.393878813796e-10 3.314464230606e-10 1.678150998849e-10 4.998846421774e-10 2.808089770464e-10
4.222313230495e-11 3.391792276527e-11 1.091620830245e-10 1.606169331232e-10 2.604311348059e-10 2.808089770464e-10 4.020791798029e-10
