2.464165262588e-10 -1.619379884140e-11 -1.015825505037e-10 -2.166934885673e-10 -1.369062516391e-10 3.147120769574e-12 -5.987559548881e-11
-1.619379884140e-11 1.022199523692e-10 -2.714665605150e-11 -2.549114076301e-10 -3.333883997122e-11 1.980621142226e-11 2.099046919343e-12
-1.015825505037e-10 -2.714665605150e-11 2.873468619842e-09 -4.382433804551e-10 -3.256107039906e-11 -6.598350955851e-11 -1.885569772108e-10
-2.166934885673e-10 -2.549114076301e-10 -4.382433804551e-10 1.401656580663e-07 -1.120741601356e-09 1.117225865621e-09 2.804421369725e-10
-1.369062516391e-10 -3.333883997122e-11 -3.256107039906e-11 -1.120741601356e-09 3.937749555954e-09 -2.315519333782e-11 9.200938045170e-10
3.147120769574e-12 1.980621142226e-11 -6.598350955851e-11 1.117225865621e-09 -2.315519333782e-11 2.099928476327e-10 8.971424544984e-11
-5.987559548881e-11 2.099046919343e-12 -1.885569772108e-10 2.804421369725e-10 9.200938045170e-10 8.971424544984e-11 1.772085929479e-09
