1.218659936493e-06 4.306395682272e-08 2.199795316050e-07 7.859751707504e-08 1.013322792546e-07 6.653915621303e-08 7.721705678800e-08
4.306395682272e-08 6.662393925497e-07 1.094419535256e-07 1.099431757064e-07 5.540292655796e-08 7.255911925896e-08 6.680665413843e-08
2.199795316050e-07 1.094419535256e-07 3.262977210278e-07 1.275398321330e-07 9.203530793355e-08 1.032740394961e-07 1.007369845141e-07
7.859751707504e-08 1.099431757064e-07 1.275398321330e-07 1.782957564796e-07 8.826943246575e-08 1.061297816761e-07 9.043271663412e-08
1.013322792546e-07 5.540292655796e-08 9.203530793355e-08 8.826943246575e-08 9.999837962311e-08 8.046468384044e-08 7.205512156302e-08
6.653915621303e-08 7.255911925896e-08 1.032740394961e-07 1.061297816761e-07 8.046468384044e-08 9.842225527235e-08 8.280558592851e-08
7.721705678800e-08 6.680665413843e-08 1.007369845141e-07 9.043271663412e-08 7.205512156302e-08 8.280558592851e-08 8.061565538904e-08
