1.455848917479e-07 -3.351005136958e-09 -5.330903335626e-09 2.670239121903e-10 1.708496230161e-09 1.093814356328e-09 7.838885951630e-10
-3.351005136958e-09 4.539402178647e-08 3.504605560139e-09 -1.252253934436e-09 1.394644944450e-09 4.731770655133e-10 5.149820534098e-11
-5.330903335626e-09 3.504605560139e-09 1.841589357957e-08 -1.912994855071e-10 4.515198869069e-11 1.648316126975e-10 -1.482432448083e-10
2.670239121903e-10 -1.252253934436e-09 -1.912994855071e-10 4.783478242393e-09 -3.801322189953e-10 -9.185881184744e-11 -9.447018563877e-11
1.708496230161e-09 1.394644944450e-09 4.515198869069e-11 -3.801322189953e-10 1.934554032242e-09 3.355938652009e-10 9.563160570533e-11
1.093814356328e-09 4.731770655133e-10 1.648316126975e-10 -9.185881184744e-11 3.355938652009e-10 8.383772029139e-10 9.098073034705e-11
7.838885951630e-10 5.149820534098e-11 -1.482432448083e-10 -9.447018563877e-11 9.563160570533e-11 9.098073034705e-11 2.411098359046e-10
