6.230792436882e-05 -4.162396265423e-06 -7.470162627998e-07 1.534332504355e-06 -3.650091244970e-07 1.109900328767e-06 1.141015671538e-07
-4.162396265423e-06 1.543818295540e-05 1.366519123907e-07 4.737624946680e-08 2.590725713951e-07 -2.165233676933e-07 5.604980337978e-08
-7.470162627998e-07 1.366519123907e-07 5.684386107059e-06 2.374617543846e-08 3.904860259710e-07 1.433759664507e-07 1.284892073997e-07
1.534332504355e-06 4.737624946680e-08 2.374617543846e-08 2.080654240639e-06 7.663914164364e-08 4.451229351182e-08 -2.762119118554e-08
-3.650091244970e-07 2.590725713951e-07 3.904860259710e-07 7.663914164364e-08 5.400995293734e-07 1.915950073220e-08 4.035358014140e-08
1.109900328767e-06 -2.165233676933e-07 1.433759664507e-07 4.451229351182e-08 1.915950073220e-08 3.558934912902e-07 -8.772943955206e-09
1.141015671538e-07 5.604980337978e-08 1.284892073997e-07 -2.762119118554e-08 4.035358014140e-08 -8.772943955206e-09 9.446588473972e-08
