1.339144869632e-07 7.592873223930e-09 2.060129766936e-09 -2.545912119640e-09 -1.997581981929e-09 2.699513871160e-10 2.689974736529e-09
7.592873223930e-09 1.742262468738e-07 -1.529179847831e-09 -6.230306677731e-09 1.466992711971e-09 3.038861121443e-09 1.605518774665e-09
2.060129766936e-09 -1.529179847831e-09 4.870472293525e-08 -1.927255229171e-09 2.086090944741e-09 -6.789556774333e-10 6.271752812397e-11
-2.545912119640e-09 -6.230306677731e-09 -1.927255229171e-09 1.845607410245e-08 -2.502211380412e-10 -3.458707383108e-10 -3.690429126998e-10
-1.997581981929e-09 1.466992711971e-09 2.086090944741e-09 -2.502211380412e-10 6.250340261263e-09 -2.383163074450e-11 4.621245628854e-12
2.699513871160e-10 3.038861121443e-09 -6.789556774333e-10 -3.458707383108e-10 -2.383163074450e-11 2.810536916520e-09 -1.120387471459e-10
2.689974736529e-09 1.605518774665e-09 6.271752812397e-11 -3.690429126998e-10 4.621245628854e-12 -1.120387471459e-10 8.199225835834e-10
