1.966987173622e-06 1.338476692006e-07 1.533562167204e-07 6.240833302232e-08 7.060470779129e-08 2.131468522827e-08 1.282428549301e-08
1.338476692006e-07 9.123342533162e-07 9.140157435977e-08 8.318399368635e-08 4.233907517812e-08 9.227972750440e-09 3.670150450042e-09
1.533562167204e-07 9.140157435977e-08 2.866198542136e-07 3.755081296679e-08 1.010781984394e-08 7.191451469141e-09 5.636685818275e-09
6.240833302232e-08 8.318399368635e-08 3.755081296679e-08 1.454854553693e-07 2.890186026551e-08 9.354827527570e-09 6.605017364199e-09
7.060470779129e-08 4.233907517812e-08 1.010781984394e-08 2.890186026551e-08 4.821628670740e-08 1.300470284553e-08 4.268730858765e-09
2.131468522827e-08 9.227972750440e-09 7.191451469141e-09 9.354827527570e-09 1.300470284553e-08 2.211326443188e-08 7.733298079254e-09
1.282428549301e-08 3.670150450042e-09 5.636685818275e-09 6.605017364199e-09 4.268730858765e-09 7.733298079254e-09 1.260984113156e-08
