2.472422272691e-07 -9.193737278247e-09 -1.273931403888e-08 -3.799097600190e-09 6.663730990723e-09 -6.127835667238e-09 -2.243696180071e-09
-9.193737278247e-09 9.067508784908e-07 -5.227810343505e-09 -1.611507320862e-08 -7.196914865499e-09 -1.563350613774e-08 -9.565588887602e-10
-1.273931403888e-08 -5.227810343505e-09 2.135271137190e-07 -1.521566649077e-08 -2.236674502404e-09 6.235631296923e-09 6.035506637003e-09
-3.799097600190e-09 -1.611507320862e-08 -1.521566649077e-08 1.090785933628e-07 -2.155407090600e-09 2.940938132221e-09 2.256960404903e-09
6.663730990723e-09 -7.196914865499e-09 -2.236674502404e-09 -2.155407090600e-09 2.936814211192e-08 -7.963087569309e-10 -3.720181871415e-10
-6.127835667238e-09 -1.563350613774e-08 6.235631296923e-09 2.940938132221e-09 -7.963087569309e-10 1.308125722218e-08 1.850184269394e-10
-2.243696180071e-09 -9.565588887602e-10 6.035506637003e-09 2.256960404903e-09 -3.720181871415e-10 1.850184269394e-10 4.121548232909e-09
