2.716797369481e-06 6.042693250048e-08 2.098819302561e-07 1.936301727012e-08 -4.526063204944e-09 -9.056930170764e-09 -1.861676879491e-08
6.042693250048e-08 1.064989684446e-06 -1.087544550944e-08 9.371442681331e-09 4.819027909797e-08 3.124933381283e-08 1.769394141820e-08
2.098819302561e-07 -1.087544550944e-08 4.499334250596e-07 7.169323661831e-08 1.131097245938e-08 1.532484347521e-08 5.408439565569e-09
1.936301727012e-08 9.371442681331e-09 7.169323661831e-08 1.273613434598e-07 1.747811234229e-08 1.063818796248e-08 9.490339701755e-09
-4.526063204944e-09 4.819027909797e-08 1.131097245938e-08 1.747811234229e-08 4.915802510654e-08 1.531446271125e-08 3.943112706590e-09
-9.056930170764e-09 3.124933381283e-08 1.532484347521e-08 1.063818796248e-08 1.531446271125e-08 2.347028246894e-08 7.743528406750e-09
-1.861676879491e-08 1.769394141820e-08 5.408439565569e-09 9.490339701755e-09 3.943112706590e-09 7.743528406750e-09 1.231331485553e-08
