1.041340933390e-06 2.723816001878e-08 1.567266986304e-08 -9.569979176573e-09 1.089480918736e-08 1.558502396172e-09 5.094974530498e-09
2.723816001878e-08 3.842688309432e-07 3.355310614282e-08 8.546226358326e-09 1.303678942410e-08 -1.672214082539e-11 2.635372309587e-09
1.567266986304e-08 3.355310614282e-08 1.105655288648e-07 1.440337073532e-08 2.510590488002e-09 9.130467409371e-09 4.082703000615e-09
-9.569979176573e-09 8.546226358326e-09 1.440337073532e-08 4.935155128804e-08 7.804114833359e-09 4.499553078164e-09 1.901226701972e-09
1.089480918736e-08 1.303678942410e-08 2.510590488002e-09 7.804114833359e-09 1.675235593646e-08 4.727779506424e-09 2.127168350751e-09
1.558502396172e-09 -1.672214082539e-11 9.130467409371e-09 4.499553078164e-09 4.727779506424e-09 8.037071065050e-09 2.594795820107e-09
5.094974530498e-09 2.635372309587e-09 4.082703000615e-09 1.901226701972e-09 2.127168350751e-09 2.594795820107e-09 3.234952443521e-09
