7.950755975004e-08 -2.588355330614e-09 -1.509374157249e-09 1.769868507242e-09 -4.114636864598e-10 -6.901280127571e-10 1.995043407609e-10
-2.588355330614e-09 4.890591768427e-08 3.641166784849e-09 6.398460354971e-10 5.640693209486e-10 -8.832319207839e-10 1.795199352958e-10
-1.509374157249e-09 3.641166784849e-09 1.633124554820e-08 -6.090429596923e-10 -4.961766529061e-10 -1.320478801657e-10 2.128876726919e-10
1.769868507242e-09 6.398460354971e-10 -6.090429596923e-10 4.809262212853e-09 2.806546995964e-10 -1.215983676297e-11 1.220096954381e-10
-4.114636864598e-10 5.640693209486e-10 -4.961766529061e-10 2.806546995964e-10 2.116467327408e-09 8.342388365394e-11 3.313666094333e-11
-6.901280127571e-10 -8.832319207839e-10 -1.320478801657e-10 -1.215983676297e-11 8.342388365394e-11 7.151457906398e-10 -5.049839402178e-11
1.995043407609e-10 1.795199352958e-10 2.128876726919e-10 1.220096954381e-10 3.313666094333e-11 -5.049839402178e-11 2.299362630575e-10
