1.435227029362e-06 1.118150354203e-07 3.929067604299e-08 3.853905150393e-08 2.654192886422e-08 -6.216117404819e-11 3.577164990689e-09
1.118150354203e-07 4.437309357250e-07 2.727939065506e-08 1.753116455206e-08 2.107826251144e-08 6.532322139157e-09 -9.774390940499e-10
3.929067604299e-08 2.727939065506e-08 2.083030611067e-07 2.351355625108e-08 1.289273321412e-08 9.121283892678e-09 4.029126468904e-09
3.853905150393e-08 1.753116455206e-08 2.351355625108e-08 7.601734243462e-08 1.291016187773e-08 1.140911124599e-08 2.149633547360e-09
2.654192886422e-08 2.107826251144e-08 1.289273321412e-08 1.291016187773e-08 2.395536379792e-08 3.811351742425e-09 2.586595323592e-09
-6.216117404819e-11 6.532322139157e-09 9.121283892678e-09 1.140911124599e-08 3.811351742425e-09 1.257188398701e-08 2.664863900761e-09
3.577164990689e-09 -9.774390940499e-10 4.029126468904e-09 2.149633547360e-09 2.586595323592e-09 2.664863900761e-09 6.757444896568e-09
